280.819 1 887
749.043 2 916
920.793 3 336
1172.8 4 493
1388.51 5 422
1402.82 6 28
1433.49 7 60
1907.33 8 927
2125.6 9 427
2502.32 10 737
2690.94 11 369
2910.74 12 430
3182.17 13 531
3245.55 14 124
3315.07 15 136
3725.53 16 803
3755.69 17 59
3841.57 18 168
4075.17 19 457
4097.15 20 43
4288.32 21 374
4758.59 22 920
5033.59 23 538
5199.72 24 325
5389.36 25 371
5658.74 26 527
6160.19 27 981
6606.95 28 874
6694.36 29 171
6838.5 30 282
7311.84 31 926
7479.5 32 328
7738.15 33 506
8111.29 34 730
8549.87 35 858
9007.87 36 896
9286.96 37 546
9475.07 38 368
9661.65 39 365
10045.5 40 751
10459.1 41 809
10550.6 42 179
10849.6 43 585
11182.9 44 652
11387.3 45 400
11418.5 46 61
11607.1 47 369
11613.8 48 13
11913.8 49 587
12189.8 50 540
12481.7 51 571
12675.5 52 379
12983.2 53 602
13444.8 54 903
13696.8 55 493
14083.7 56 757
14227.3 57 281
14453.3 58 442
14806 59 690
15122.9 60 620
15496 61 730
15556.4 62 118
15951 63 772
16296.5 64 676
16770.9 65 928
17208.9 66 857
17389.9 67 354
17883.7 68 966
18233.3 69 684
18552.8 70 625
18998.5 71 872
19422.8 72 830
19433 73 20
19621.6 74 369
19987.6 75 716
20064.3 76 150
20434.4 77 724
20560.1 78 246
20791.2 79 452
21075.4 80 556
21325.3 81 489
21442.4 82 229
21621.8 83 351
21877.9 84 501
22268.9 85 765
22736.6 86 915
23174.7 87 857
23426.2 88 492
23613.3 89 366
24092.2 90 937
24374.4 91 552
24491.4 92 229
24700 93 408
24762.4 94 122
24964.8 95 396
25086.4 96 238
25492.3 97 794
25711.6 98 429
25717.7 99 12
25988.6 100 530
