25 19 8031 
17 25 1168 
17 3 5152 
17 10 2201 
3 11 3492 
6 12 5504 
17 23 7137 
15 20 1107 
8 9 9865 
21 23 5966 
15 19 1029 
19 5 8021 
19 2 1548 
21 22 7796 
13 6 7718 
12 22 7186 
9 15 5770 
24 4 1149 
10 5 3339 
12 10 5349 
15 1 8538 
24 3 2276 
7 22 193 
24 1 651 
21 9 7450 
7 2 1648 
22 7 9869 
14 20 7454 
9 3 7031 
1 19 540 
2 18 3079 
13 21 6380 
8 18 4268 
23 24 863 
4 22 4286 
11 2 3630 
18 2 9195 
14 19 8075 
19 21 5880 
3 20 640 
15 21 9127 
9 24 6804 
4 3 6514 
1 4 7760 
16 17 2688 
9 22 8345 
19 22 6059 
13 11 3055 
8 2 7678 
7 5 2892 
21 24 906 
15 22 5719 
20 19 6287 
24 17 111 
2 8 7891 
11 13 1398 
5 12 4224 
12 18 9076 
8 25 5786 
19 7 1783 
19 13 1191 
6 25 8812 
14 17 5775 
13 18 8424 
16 25 1039 
22 2 7438 
13 15 1102 
7 4 6777 
14 4 8467 
6 9 8962 
9 18 3863 
22 24 6967 
9 5 496 
22 14 5778 
16 15 1148 
1 24 5033 
13 8 7317 
7 6 9549 
24 7 8928 
22 16 2943 
7 21 3801 
1 16 3408 
25 11 1719 
19 8 6802 
13 10 8464 
25 13 5986 
13 7 1237 
13 22 5518 
14 13 1651 
16 9 2996 
12 6 4763 
10 11 960 
19 1 7628 
22 23 3922 
23 3 7116 
25 4 7469 
23 6 6380 
21 8 9951 
25 18 8854 
18 24 5141 
18 12 8212 
25 22 2438 
21 10 7244 
16 3 3909 
11 19 586 
24 11 7752 
10 8 6804 
19 16 3943 
13 25 5670 
7 16 222 
3 9 1163 
17 15 3869 
21 11 3491 
25 7 6962 
22 10 472 
20 12 8779 
22 20 6931 
12 2 7936 
4 18 3270 
14 10 467 
5 24 3944 
8 15 6209 
16 2 9955 
6 22 9636 
20 10 1950 
22 21 2109 
16 13 2189 
20 18 746 
20 2 4023 
14 6 4580 
16 12 2917 
1 7 157 
16 18 4006 
11 6 8304 
3 24 4986 
10 4 1944 
23 13 8359 
5 18 8446 
7 18 3302 
5 2 1212 
23 25 620 
10 24 8454 
5 14 8594 
14 5 9954 
1 25 4478 
6 16 8709 
2 10 2229 
1 3 1549 
25 24 8368 
21 13 6704 
18 25 3904 
11 25 4749 
3 23 6321 
2 4 4515 
3 6 1088 
2 23 7616 
17 21 7252 
14 12 3269 
13 19 8951 
12 1 4799 
17 6 8469 
12 3 5423 
22 5 8307 
14 11 3535 
7 25 4698 
5 13 836 
11 20 4842 
18 9 8927 
23 20 2625 
6 13 8083 
12 23 5458 
15 16 929 
13 24 2095 
14 2 1252 
17 20 9695 
13 3 3876 
25 6 2550 
18 4 3309 
19 11 2320 
1 17 7835 
1 10 6133 
15 9 2907 
9 12 9286 
5 19 5143 
8 12 4014 
17 16 1369 
19 4 3063 
1 5 5471 
23 12 4116 
14 16 2333 
4 8 4681 
20 9 7650 
10 18 6069 
14 7 7009 
17 19 5220 
24 14 6562 
2 22 1586 
4 14 9158 
15 23 8808 
10 6 6005 
18 22 2000 
16 7 4984 
23 1 1557 
9 14 1466 
7 15 6951 
22 18 4848 
4 15 5905 
24 9 5993 
14 9 9764 
8 5 6645 
24 5 2280 
24 19 1733 
20 24 6742 
16 4 4707 
9 11 4663 
2 25 698 
24 10 1044 
8 20 8255 
6 21 2196 
10 14 1703 
22 3 257 
13 20 9243 
20 3 2708 
13 23 7116 
15 10 7538 
16 14 7211 
17 2 7011 
6 20 7480 
8 6 1224 
20 16 4189 
4 13 6104 
4 21 2946 
9 19 3638 
12 24 3134 
15 12 3097 
21 16 8897 
11 22 9614 
10 19 4016 
9 17 203 
15 4 762 
3 7 6104 
22 1 7106 
24 13 1245 
23 15 7353 
25 15 7159 
14 22 7421 
19 20 5729 
5 7 7652 
1 2 2511 
4 19 45 